     timestamp        |   TestCR   |         NW arch         | epoch |   initLR   | LRthres | LRtype |momType|momLower|momUpper|dropType|earlySt|maxFail | weightInit
----------------------------------------------------------------------------------------------------------------------------------------------------------------------
19-02-18_21-06-41-914 |          - |   500   500  1000     7 |     5 |      0.005 |      10 |      1 |     1 |     10 |     20 |      0 |     0 |     10 |      8
19-02-18_21-46-57-713 |          - |   500   500  1000     7 |    20 |      0.005 |      10 |      1 |     1 |     10 |     20 |      0 |     0 |     10 |      8
22-02-18_11-55-42-592 |          - |   500   500  1000     7 |    20 |      0.005 |      10 |      1 |     1 |     10 |     20 |      0 |     0 |     10 |      9
22-02-18_12-31-05-757 |          - |   250   250   500     7 |    50 |      0.005 |      10 |      1 |     1 |     10 |     20 |      0 |     0 |     10 |      8
22-02-18_13-03-52-488 |          - |   500   500  1000     7 |   100 |      0.001 |      50 |      1 |     1 |     50 |     75 |      0 |     0 |     10 |      8
24-02-18_15-32-46-362 |          - |   500   500  1000     7 |    20 |      0.001 |      10 |      1 |     1 |     10 |     15 |      0 |     0 |     10 |      8
24-02-18_15-47-14-647 |          - |   500   500  1000     7 |    20 |      0.001 |      10 |      1 |     1 |     10 |     15 |      0 |     0 |     10 |      8
24-02-18_15-57-24-968 |          - |   500   500  1000     7 |    20 |      0.001 |      10 |      1 |     1 |     10 |     15 |      0 |     0 |     10 |      8
24-02-18_16-04-42-705 |          - |   500   500  1000     7 |    20 |      0.001 |      10 |      1 |     1 |     10 |     15 |      0 |     0 |     10 |      8
24-02-18_16-17-04-426 |     0.4029 |   500   500  1000     7 |    20 |      0.001 |      10 |      1 |     1 |     10 |     15 |      0 |     0 |     10 |      8
